c 1
c 2
c 3
c 4
c 5
c 6
c 7
c 8
c 9
c 10
c 11
c 12
c 13
a 1 2 383
a 1 3 915
a 1 4 386
a 1 5 421
a 1 6 690
a 1 7 926
a 1 8 172
a 1 9 368
a 1 10 782
a 1 11 123
a 1 12 22
a 1 13 3456
a 2 3 11
a 2 4 373
a 2 5 4324
a 2 6 315
a 2 7 526
a 2 8 956
a 2 9 170
a 2 10 305
a 2 11 327
a 2 12 846
a 2 13 4582
a 3 4 545
a 3 5 434
a 3 6 750
a 3 7 276
a 3 8 51
a 3 9 399
a 3 10 676
a 3 11 12
a 3 12 570
a 3 13 434
a 4 5 601
a 4 6 317
a 4 7 80
a 4 8 441
a 4 9 444
a 4 10 729
a 4 11 97
a 4 12 675
a 4 13 2353
a 5 6 586
a 5 7 683
a 5 8 528
a 5 9 19
a 5 10 368
a 5 11 723
a 5 12 618
a 5 13 451
a 6 7 379
a 6 8 228
a 6 9 34
a 6 10 124
a 6 11 856
a 6 12 227
a 6 13 936
a 7 8 437
a 7 9 407
a 7 10 858
a 7 11 818
a 7 12 428
a 7 13 928
a 8 9 404
a 8 10 613
a 8 11 18
a 8 12 688
a 8 13 917
a 9 10 743
a 9 11 490
a 9 12 725
a 9 13 505
a 10 11 786
a 10 12 4507
a 10 13 48
a 11 12 2343
a 11 13 746
a 12 13 422
