c 1
c 2
c 3
c 4
c 5
c 6
c 7
c 8
c 9
c 10
c 11
c 12
a 1 2 383
a 1 3 915
a 1 4 386
a 1 5 421
a 1 6 690
a 1 7 926
a 1 8 172
a 1 9 368
a 1 10 782
a 1 11 123
a 1 12 22
a 2 3 3456
a 2 4 11
a 2 5 373
a 2 6 4324
a 2 7 315
a 2 8 526
a 2 9 956
a 2 10 170
a 2 11 305
a 2 12 327
a 3 4 846
a 3 5 4582
a 3 6 545
a 3 7 434
a 3 8 750
a 3 9 276
a 3 10 51
a 3 11 399
a 3 12 676
a 4 5 12
a 4 6 570
a 4 7 434
a 4 8 601
a 4 9 317
a 4 10 80
a 4 11 441
a 4 12 444
a 5 6 729
a 5 7 97
a 5 8 675
a 5 9 2353
a 5 10 586
a 5 11 683
a 5 12 528
a 6 7 19
a 6 8 368
a 6 9 723
a 6 10 618
a 6 11 451
a 6 12 379
a 7 8 228
a 7 9 34
a 7 10 124
a 7 11 856
a 7 12 227
a 8 9 936
a 8 10 437
a 8 11 407
a 8 12 858
a 9 10 818
a 9 11 428
a 9 12 928
a 10 11 404
a 10 12 613
a 11 12 18
