c 1
c 2
c 3
c 4
c 5
c 6
c 7
c 8
c 9
c 10
c 11
a 1 2 383
a 1 3 915
a 1 4 386
a 1 5 421
a 1 6 690
a 1 7 926
a 1 8 172
a 1 9 368
a 1 10 782
a 1 11 123
a 2 3 22
a 2 4 3456
a 2 5 11
a 2 6 373
a 2 7 4324
a 2 8 315
a 2 9 526
a 2 10 956
a 2 11 170
a 3 4 305
a 3 5 327
a 3 6 846
a 3 7 4582
a 3 8 545
a 3 9 434
a 3 10 750
a 3 11 276
a 4 5 51
a 4 6 399
a 4 7 676
a 4 8 12
a 4 9 570
a 4 10 434
a 4 11 601
a 5 6 317
a 5 7 80
a 5 8 441
a 5 9 444
a 5 10 729
a 5 11 97
a 6 7 675
a 6 8 2353
a 6 9 586
a 6 10 683
a 6 11 528
a 7 8 19
a 7 9 368
a 7 10 723
a 7 11 618
a 8 9 451
a 8 10 379
a 8 11 228
a 9 10 34
a 9 11 124
a 10 11 856
