c 1
c 2
c 3
c 4
c 5
c 6
c 7
c 8
c 9
c 10
c 11
c 12
c 13
c 14
c 15
a 1 2 383
a 1 3 915
a 1 4 386
a 1 5 421
a 1 6 690
a 1 7 926
a 1 8 172
a 1 9 368
a 1 10 782
a 1 11 123
a 1 12 22
a 1 13 3456
a 1 14 11
a 1 15 373
a 2 3 4324
a 2 4 315
a 2 5 526
a 2 6 956
a 2 7 170
a 2 8 305
a 2 9 327
a 2 10 846
a 2 11 4582
a 2 12 545
a 2 13 434
a 2 14 750
a 2 15 276
a 3 4 51
a 3 5 399
a 3 6 676
a 3 7 12
a 3 8 570
a 3 9 434
a 3 10 601
a 3 11 317
a 3 12 80
a 3 13 441
a 3 14 444
a 3 15 729
a 4 5 97
a 4 6 675
a 4 7 2353
a 4 8 586
a 4 9 683
a 4 10 528
a 4 11 19
a 4 12 368
a 4 13 723
a 4 14 618
a 4 15 451
a 5 6 379
a 5 7 228
a 5 8 34
a 5 9 124
a 5 10 856
a 5 11 227
a 5 12 936
a 5 13 437
a 5 14 407
a 5 15 858
a 6 7 818
a 6 8 428
a 6 9 928
a 6 10 404
a 6 11 613
a 6 12 18
a 6 13 688
a 6 14 917
a 6 15 743
a 7 8 490
a 7 9 725
a 7 10 505
a 7 11 786
a 7 12 4507
a 7 13 48
a 7 14 2343
a 7 15 746
a 8 9 422
a 8 10 61
a 8 11 20
a 8 12 444
a 8 13 465
a 8 14 282
a 8 15 637
a 9 10 600
a 9 11 899
a 9 12 468
a 9 13 131
a 9 14 933
a 9 15 163
a 10 11 899
a 10 12 773
a 10 13 190
a 10 14 466
a 10 15 90
a 11 12 542
a 11 13 445
a 11 14 418
a 11 15 348
a 12 13 9
a 12 14 342
a 12 15 301
a 13 14 321
a 13 15 599
a 14 15 939
