4
40
2
  NEGATIVE CHARGES AT
 (  9, 16, 28) ( 10, 27, 24) ( 28, 17, 33) ( 22, 21, 13) (  7, 19, 10)
 ( 14,  4,  3) (  6, 30, 17) (  7, 16,  2) ( 15, 10, 19) (  2, 13,  4)
  POSITIVE CHARGES AT
 ( 19, 28, 19) ( 30,  2, 30) ( 32,  6, 27) ( 14, 17, 14) ( 23, 33,  8)
 (  3, 18, 23) (  6, 24,  5) (  4,  2,  5) ( 21, 31, 33) (  9,  3, 22)
  NEGATIVE CHARGES AT
 (  8,  7,  3) ( 11, 23, 16) (  3, 18, 28) ( 11, 30, 22) ( 15, 22, 12)
 (  6,  4, 13) ( 14, 31, 22) ( 28, 11, 13) ( 13,  3, 16) ( 15,  5, 25)
  POSITIVE CHARGES AT
 ( 29,  6, 16) (  7, 18, 14) ( 33,  3, 23) ( 25, 17, 33) ( 17, 10,  8)
 ( 33, 18, 12) ( 17, 11, 26) ( 28, 15, 15) (  9,  6, 14) ( 23, 15,  5)
