  .00000E+01  .29012E+03  .13734E+03  .11280E+00  .78285E-02  .20408E+03  .22561E-03  .00000E+01
  .00000E+01  .29012E+03  .13734E+03  .11280E+00  .78285E-02  .20408E+03  .22561E-03  .00000E+01
  .00000E+01  .29012E+03  .13734E+03  .11280E+00  .78285E-02  .20408E+03  .22561E-03  .00000E+01
  .00000E+01  .29012E+03  .13734E+03  .11280E+00  .78285E-02  .20408E+03  .22561E-03  .00000E+01
  .00000E+01  .29012E+03  .13734E+03  .11280E+00  .78285E-02  .20408E+03  .22561E-03  .00000E+01
  .00000E+01  .29012E+03  .13734E+03  .11280E+00  .78285E-02  .20408E+03  .22561E-03  .00000E+01
  .00000E+01  .29012E+03  .13734E+03  .11280E+00  .78285E-02  .20408E+03  .22561E-03  .00000E+01
  .00000E+01  .29012E+03  .13734E+03  .11280E+00  .78285E-02  .20408E+03  .22561E-03  .00000E+01
  .00000E+01  .29012E+03  .13734E+03  .11280E+00  .78285E-02  .20408E+03  .22561E-03  .00000E+01
  .00000E+01  .29012E+03  .13734E+03  .11280E+00  .78285E-02  .20408E+03  .22561E-03  .00000E+01
  .00000E+01  .29012E+03  .13734E+03  .11280E+00  .78285E-02  .20408E+03  .22561E-03  .00000E+01
  .00000E+01  .29012E+03  .13734E+03  .11280E+00  .78285E-02  .20408E+03  .22561E-03  .00000E+01
  .00000E+01  .29012E+03  .13734E+03  .11280E+00  .78285E-02  .20408E+03  .22561E-03  .00000E+01
  .00000E+01  .29012E+03  .13734E+03  .11280E+00  .78285E-02  .20408E+03  .22355E-03  .00000E+01
  .00000E+01  .29012E+03  .13238E+03  .10870E+00  .75411E-02  .20370E+03  .21534E-03  .00000E+01
  .00000E+01  .29012E+03  .12246E+03  .10048E+00  .69665E-02  .20297E+03  .20302E-03  .00000E+01
  .00000E+01  .29012E+03  .11750E+03  .96374E-01  .66792E-02  .20262E+03  .19480E-03  .00000E+01
  .00000E+01  .29012E+03  .11750E+03  .96374E-01  .66792E-02  .20262E+03  .19275E-03  .00000E+01
  .00000E+01  .29012E+03  .11750E+03  .96374E-01  .66792E-02  .20262E+03  .19275E-03  .00000E+01
  .00000E+01  .29012E+03  .11750E+03  .96374E-01  .66792E-02  .20262E+03  .19275E-03  .00000E+01
  .00000E+01  .29012E+03  .11750E+03  .96374E-01  .66792E-02  .20262E+03  .19275E-03  .00000E+01
  .00000E+01  .29012E+03  .11750E+03  .96374E-01  .66792E-02  .20262E+03  .19275E-03  .00000E+01
  .00000E+01  .29012E+03  .11750E+03  .96374E-01  .66792E-02  .20262E+03  .19275E-03  .00000E+01
  .00000E+01  .29012E+03  .11750E+03  .96374E-01  .66792E-02  .20262E+03  .19275E-03  .00000E+01
  .00000E+01  .29012E+03  .11750E+03  .96374E-01  .66792E-02  .20262E+03  .19275E-03  .00000E+01
  .00000E+01  .29012E+03  .11750E+03  .96374E-01  .66792E-02  .20262E+03  .19480E-03  .00000E+01
  .00000E+01  .29012E+03  .12246E+03  .10048E+00  .69665E-02  .20297E+03  .20302E-03  .00000E+01
  .00000E+01  .29012E+03  .13238E+03  .10870E+00  .75411E-02  .20370E+03  .21534E-03  .00000E+01
  .00000E+01  .29012E+03  .13734E+03  .11280E+00  .78285E-02  .20408E+03  .22355E-03  .00000E+01
  .00000E+01  .29012E+03  .13734E+03  .11280E+00  .78285E-02  .20408E+03  .22561E-03  .00000E+01
  .00000E+01  .29012E+03  .13734E+03  .11280E+00  .78285E-02  .20408E+03  .22561E-03  .00000E+01
  .00000E+01  .29012E+03  .13734E+03  .11280E+00  .78285E-02  .20408E+03  .22561E-03  .00000E+01
  .00000E+01  .29012E+03  .13734E+03  .11280E+00  .78285E-02  .20408E+03  .22561E-03  .00000E+01
  .00000E+01  .29012E+03  .13734E+03  .11280E+00  .78285E-02  .20408E+03  .22561E-03  .00000E+01
  .00000E+01  .29012E+03  .13734E+03  .11280E+00  .78285E-02  .20408E+03  .22561E-03  .00000E+01
  .00000E+01  .29012E+03  .13734E+03  .11280E+00  .78285E-02  .20408E+03  .22561E-03  .00000E+01
  .00000E+01  .29012E+03  .13734E+03  .11280E+00  .78285E-02  .20408E+03  .22561E-03  .00000E+01
  .00000E+01  .29012E+03  .13734E+03  .11280E+00  .78285E-02  .20408E+03  .22561E-03  .00000E+01
  .00000E+01  .29012E+03  .13734E+03  .11280E+00  .78285E-02  .20408E+03  .22561E-03  .00000E+01
  .00000E+01  .29012E+03  .13734E+03  .11280E+00  .78285E-02  .20408E+03  .22561E-03  .00000E+01
  .00000E+01  .29012E+03  .13734E+03  .11280E+00  .78285E-02  .20408E+03  .22561E-03  .00000E+01
  .00000E+01  .29012E+03  .13734E+03  .11280E+00  .78285E-02  .20408E+03  .22561E-03  .00000E+01
  .00000E+01  .29012E+03  .13734E+03  .11280E+00  .78285E-02  .20408E+03  .22561E-03  .00000E+01
  .00000E+01  .29012E+03  .13734E+03  .11280E+00  .78285E-02  .20408E+03  .22561E-03  .00000E+01
  .00000E+01  .29012E+03  .13734E+03  .11280E+00  .78285E-02  .20408E+03  .22561E-03  .00000E+01
  .00000E+01  .29012E+03  .13734E+03  .11280E+00  .78285E-02  .20408E+03  .22561E-03  .00000E+01
  .00000E+01  .29012E+03  .13734E+03  .11280E+00  .78285E-02  .20408E+03  .22561E-03  .00000E+01
  .00000E+01  .29012E+03  .13734E+03  .11280E+00  .78285E-02  .20408E+03  .22561E-03  .00000E+01
  .00000E+01  .29012E+03  .13734E+03  .11280E+00  .78285E-02  .20408E+03  .22561E-03  .00000E+01
  .00000E+01  .29012E+03  .13734E+03  .11280E+00  .78285E-02  .20408E+03  .22561E-03  .00000E+01
  .00000E+01  .29012E+03  .13734E+03  .11280E+00  .78285E-02  .20408E+03  .22561E-03  .00000E+01
  .00000E+01  .29012E+03  .13734E+03  .11280E+00  .78285E-02  .20408E+03  .22561E-03  .00000E+01
  .00000E+01  .29012E+03  .13734E+03  .11280E+00  .78285E-02  .20408E+03  .22561E-03  .00000E+01
  .00000E+01  .29012E+03  .13734E+03  .11280E+00  .78285E-02  .20408E+03  .22561E-03  .00000E+01
  .00000E+01  .29012E+03  .13734E+03  .11280E+00  .78285E-02  .20408E+03  .22561E-03  .00000E+01
  .00000E+01  .29012E+03  .13734E+03  .11280E+00  .78285E-02  .20408E+03  .22561E-03  .00000E+01
  .00000E+01  .29012E+03  .13734E+03  .11280E+00  .78285E-02  .20408E+03  .22561E-03  .00000E+01
  .00000E+01  .29012E+03  .13734E+03  .11280E+00  .78285E-02  .20408E+03  .22561E-03  .00000E+01
  .00000E+01  .29012E+03  .13734E+03  .11280E+00  .78285E-02  .20408E+03  .22561E-03  .00000E+01
  .00000E+01  .29012E+03  .13734E+03  .11280E+00  .78285E-02  .20408E+03  .22561E-03  .00000E+01
