c 1
c 2
c 3
c 4
c 5
c 6
c 7
c 8
c 9
c 10
c 11
c 12
c 13
c 14
a 1 2 383
a 1 3 915
a 1 4 386
a 1 5 421
a 1 6 690
a 1 7 926
a 1 8 172
a 1 9 368
a 1 10 782
a 1 11 123
a 1 12 22
a 1 13 3456
a 1 14 11
a 2 3 373
a 2 4 4324
a 2 5 315
a 2 6 526
a 2 7 956
a 2 8 170
a 2 9 305
a 2 10 327
a 2 11 846
a 2 12 4582
a 2 13 545
a 2 14 434
a 3 4 750
a 3 5 276
a 3 6 51
a 3 7 399
a 3 8 676
a 3 9 12
a 3 10 570
a 3 11 434
a 3 12 601
a 3 13 317
a 3 14 80
a 4 5 441
a 4 6 444
a 4 7 729
a 4 8 97
a 4 9 675
a 4 10 2353
a 4 11 586
a 4 12 683
a 4 13 528
a 4 14 19
a 5 6 368
a 5 7 723
a 5 8 618
a 5 9 451
a 5 10 379
a 5 11 228
a 5 12 34
a 5 13 124
a 5 14 856
a 6 7 227
a 6 8 936
a 6 9 437
a 6 10 407
a 6 11 858
a 6 12 818
a 6 13 428
a 6 14 928
a 7 8 404
a 7 9 613
a 7 10 18
a 7 11 688
a 7 12 917
a 7 13 743
a 7 14 490
a 8 9 725
a 8 10 505
a 8 11 786
a 8 12 4507
a 8 13 48
a 8 14 2343
a 9 10 746
a 9 11 422
a 9 12 61
a 9 13 20
a 9 14 444
a 10 11 465
a 10 12 282
a 10 13 637
a 10 14 600
a 11 12 899
a 11 13 468
a 11 14 131
a 12 13 933
a 12 14 163
a 13 14 899
