c 1
c 2
c 3
c 4
c 5
c 6
c 7
c 8
c 9
c 10
c 11
c 12
c 13
c 14
c 15
c 16
c 17
c 18
c 19
c 20
a 1 2 383
a 1 3 915
a 1 4 386
a 1 5 421
a 1 6 690
a 1 7 926
a 1 8 172
a 1 9 368
a 1 10 782
a 1 11 123
a 1 12 22
a 1 13 3456
a 1 14 11
a 1 15 373
a 1 16 4324
a 1 17 315
a 1 18 526
a 1 19 956
a 1 20 170
a 2 3 305
a 2 4 327
a 2 5 846
a 2 6 4582
a 2 7 545
a 2 8 434
a 2 9 750
a 2 10 276
a 2 11 51
a 2 12 399
a 2 13 676
a 2 14 12
a 2 15 570
a 2 16 434
a 2 17 601
a 2 18 317
a 2 19 80
a 2 20 441
a 3 4 444
a 3 5 729
a 3 6 97
a 3 7 675
a 3 8 2353
a 3 9 586
a 3 10 683
a 3 11 528
a 3 12 19
a 3 13 368
a 3 14 723
a 3 15 618
a 3 16 451
a 3 17 379
a 3 18 228
a 3 19 34
a 3 20 124
a 4 5 856
a 4 6 227
a 4 7 936
a 4 8 437
a 4 9 407
a 4 10 858
a 4 11 818
a 4 12 428
a 4 13 928
a 4 14 404
a 4 15 613
a 4 16 18
a 4 17 688
a 4 18 917
a 4 19 743
a 4 20 490
a 5 6 725
a 5 7 505
a 5 8 786
a 5 9 4507
a 5 10 48
a 5 11 2343
a 5 12 746
a 5 13 422
a 5 14 61
a 5 15 20
a 5 16 444
a 5 17 465
a 5 18 282
a 5 19 637
a 5 20 600
a 6 7 899
a 6 8 468
a 6 9 131
a 6 10 933
a 6 11 163
a 6 12 899
a 6 13 773
a 6 14 190
a 6 15 466
a 6 16 90
a 6 17 542
a 6 18 445
a 6 19 418
a 6 20 348
a 7 8 9
a 7 9 342
a 7 10 301
a 7 11 321
a 7 12 599
a 7 13 939
a 7 14 28
a 7 15 150
a 7 16 920
a 7 17 269
a 7 18 1972
a 7 19 672
a 7 20 1640
a 8 9 42
a 8 10 298
a 8 11 590
a 8 12 819
a 8 13 155
a 8 14 379
a 8 15 776
a 8 16 860
a 8 17 884
a 8 18 621
a 8 19 613
a 8 20 326
a 9 10 6
a 9 11 21
a 9 12 528
a 9 13 3036
a 9 14 808
a 9 15 303
a 9 16 648
a 9 17 567
a 9 18 46
a 9 19 797
a 9 20 303
a 10 11 2686
a 10 12 975
a 10 13 188
a 10 14 436
a 10 15 921
a 10 16 28
a 10 17 748
a 10 18 1043
a 10 19 28
a 10 20 500
a 11 12 538
a 11 13 535
a 11 14 692
a 11 15 504
a 11 16 964
a 11 17 343
a 11 18 900
a 11 19 949
a 11 20 743
a 12 13 144
a 12 14 682
a 12 15 569
a 12 16 261
a 12 17 117
a 12 18 81
a 12 19 425
a 12 20 677
a 13 14 626
a 13 15 614
a 13 16 358
a 13 17 100
a 13 18 994
a 13 19 578
a 13 20 290
a 14 15 51
a 14 16 593
a 14 17 312
a 14 18 355
a 14 19 412
a 14 20 969
a 15 16 355
a 15 17 433
a 15 18 338
a 15 19 284
a 15 20 606
a 16 17 59
a 16 18 518
a 16 19 873
a 16 20 637
a 17 18 607
a 17 19 314
a 17 20 100
a 18 19 438
a 18 20 74
a 19 20 681
